box
100
18.3 8.6 29.8 22.1
18.6 9.2 20.7 6.5
9 5.9 21.6 3.3
17.2 13.6 34 16.5
18.2 13 5.9 26.5
12.9 0.2 7.1 16.9
19.3 5.6 23.5 22.9
2.1 11.9 -11.6 -0.5
11.5 17 24.1 35
15.6 7.3 -1.4 -0.8
10.5 12.5 -2.2 2
4.6 12.9 10.3 3.4
18.2 14.5 1.5 -1.9
4.3 15 5.1 -2.8
18.8 18.4 23.9 -1.5
13.2 6 -3.6 7.2
2.6 18.6 -11.3 35.6
3.4 17.8 3.5 28
11.7 9.2 -3.9 17.2
8.6 4.1 17.5 2.2
4 12.9 15.7 30
8.1 7.5 20.8 13.1
9.7 15.3 -6.8 7
1.9 2.4 -5.2 -0.5
10.3 1.9 -6.5 -9.6
14 14.9 1.7 10.4
4.6 5.1 20.1 13.9
16.4 2.8 31.4 12.8
3.4 16.4 -8 22
14.3 9.1 30.8 22.7
3.2 15.1 6 15.8
7.4 12.1 -12.1 15.8
3.5 19.3 0.7 20.4
12.8 12.9 12.4 29.2
1.3 13.8 -2.7 12
12.8 8.8 24.5 28.4
12.4 14.3 -5.9 4.4
17.2 12.5 -1.8 26.4
15.4 18.6 23.6 12.2
19.7 10.7 20.1 9.6
2.2 2.8 16.5 -14
14 2.2 15 2.3
6.1 13 -4.4 -0.6
4.4 2.6 -2.1 1
8.2 5.8 4.5 3.4
0 3.6 -9.9 18.6
6.8 7.1 19.9 20.1
13.3 9.4 -3 27.5
9.9 19.6 27.2 26.4
19 9.5 12.4 -4.5
9 8.4 -5.2 -2.3
4.5 15.6 6.3 16.8
14.8 17.2 15.7 16.2
14.2 18.7 4.1 35.9
12.1 5.5 32 15.9
13.9 1.1 7.2 3.9
12.7 15 6.9 12.6
2.2 6.9 -5.9 -1.5
9.2 17.2 4.2 35.7
2.2 9.9 -2 -1.4
9.8 19 -9.2 37.1
1.9 13.6 -13.6 13.2
17.9 16.9 35.5 11.4
6 14.2 14.4 14.7
2.1 16.7 0.8 32.1
12.6 5.9 12.4 -4.7
18.4 2.1 11.6 -16.8
7.2 10.8 -2.6 10
15.3 4.8 28.6 9.6
9 15.4 23.6 2.5
10 4.6 -9.7 23.6
10.3 3.3 20 12.5
8.6 12.5 -11 31.3
15.7 12.9 9.7 0.8
6 10.4 3.3 -4.4
15.6 10.2 5.9 14.5
3.9 0.2 3.6 -7.9
4.7 13.8 19.8 27.2
13.9 9.2 26.6 6.3
4.9 16.4 7.8 29.9
17.7 10 0.6 18.9
16.7 18.8 -2.8 33.2
2.9 19 -11.1 35.9
2.6 3.2 6.8 -8.5
2.3 16.1 13.2 13.6
19.6 16.7 23 14.1
12.4 5.7 -4.4 21.5
11.2 18.6 -3.4 -0.8
11.6 15.2 -1.3 6.2
4.7 17 12.7 36.3
5.7 2.7 -2.9 -12.8
11.2 9 3.3 -7.9
18.9 7.4 23 4.1
18.7 8.8 2.1 0.4
5.6 1.7 -0.4 5.4
0.5 5.9 12.3 24.2
7.3 5.8 11 14.1
0.7 7.8 12.1 20.7
10 5.9 6.2 24.7
7.4 3.3 15.5 19.1
